00000000000000000000000000000000
00000000000000000000000000000000
00000000000000000000000000000000
00000000000000000000000000000000
00000370000003700000005000000000
000000C4000000C4000000D400000000
00004EA4000003C00000071C00000000
00000000000000000000000000000000
00000000000000000000000000000000
000000000000000000004EA4000003C0
0000071C000000000000000000000000
00000000000000000000000000000000
00000000000000000000000000000000
00004EA4000003C00000071C00000000
00000000000000000000000000000000
00000000000000000000000000000000
000000000000000000004EA4000003C0
0000071C000000000000000000000000
00000000000000000000000000000000
00000000000000000000000000000000
0000003700000000000000030000003A
0000003D000000400000004300000046
000000490000004C0000004F00000052
00000000000000000000000000000000
00000000000000000000000000000000
01000000010000000100000001000000
01000000010000000100000001000000
01000000010000000100000001000000
01000000010000000100000001000000
01000000010000000100000001000000
01000000010000000100000001000000
01000000010000000100000001000000
01000000010000000100000001000000
01000000010000000100000001000000
01000000010000000100000001000000
01000000010000000100000001000000
01000000010000000100000001000000
01000000010000000100000001000000
0100000000B504F30100000001000000
01000000010000000100000001000000
01000000010000000100000001000000
01000000010000000100000001000000
01000000010000000100000001000000
01000000010000000100000001000000
01000000010000000100000001000000
01000000010000000100000001000000
01000000010000000100000001000000
01000000010000000100000001000000
01000000010000000100000001000000
01000000010000000100000001000000
01000000010000000100000001000000
01000000010000000100000000B504F3
01000000010000000100000001000000
01000000010000000100000001000000
01000000010000000100000001000000
01000000010000000100000001000000
01000000010000000100000001000000
01000000010000000100000001000000
01000000010000000100000001000000
01000000010000000100000001000000
01000000010000000100000001000000
01000000010000000100000001000000
01000000010000000100000001000000
01000000010000000100000001000000
01000000010000000100000001000000
0100000000B504F30100000001000000
01000000010000000100000001000000
01000000010000000100000001000000
01000000010000000100000001000000
01000000010000000100000001000000
01000000010000000100000001000000
01000000010000000100000001000000
01000000010000000100000001000000
01000000010000000100000001000000
01000000010000000100000001000000
01000000010000000100000001000000
01000000010000000100000001000000
01000000010000000100000001000000
01000000010000000100000000B504F3
00000000000000000000000000000000
00000000000000000000000000000000
00000000000000000000000000000000
00000000000000000000000000000000
00000000000000000000000000000000
00000000000000000000000000000000
00000000000000000000000000000000
00000000000000000000000000000000
00000000000000000000000000000000
00000000000000000000000000000000
000012F70000001200001B00000012F7
0000001200001B00000012F700000012
00001B00000012F70000001200001B00
00000000000000000000000000000000
00000000000000000000000000000000
00000000000000000000000000000000
00000000000000000000000000000000
00000000000000000000000000000000
00000000000000000000000000000000
00000075000000060000000D00000078
0000007B000000140000001B0000007E
0000001D000000390000001DFF00F231
01FF0D5C0000001D000000390000001D
FF00F23101FF0D5C00B0765EFE9F1343
00B0765EFF85BC84014795FE00B0765E
FE9F134300B0765EFF85BC84014795FE
00000073000000E500000073FF01E37D
01FE1AB900000073000000E500000073
FF01E37D01FE1AB900D4B5BCFE569489
00D4B5BCFF4F34E901A20BD700D4B5BC
FE56948900D4B5BCFF4F34E901A20BD7
00000000000000000000000000000000
0100000000C66666FF39999A01000000
0093B646FF6C49BA010000000060C49C
FF9F3B64000000810000002200000025
00000084000000870000008A0000008D
00000090000000930000009600000099
0000009C000000000000000000000000
00000000000000000000000000000000
00000000010000000100000001000000
01000000010000000100000001000000
01000000010000000100000001000000
01000000010000000100000001000000
01000000010000000100000001000000
01000000010000000100000001000000
01000000010000000100000001000000
01000000010000000100000001000000
01000000010000000100000001000000
01000000010000000100000001000000
01000000010000000100000001000000
01000000010000000100000001000000
01000000010000000100000001000000
010000000100000000B504F301000000
01000000010000000100000001000000
01000000010000000100000001000000
01000000010000000100000001000000
01000000010000000100000001000000
01000000010000000100000001000000
01000000010000000100000001000000
01000000010000000100000001000000
01000000010000000100000001000000
01000000010000000100000001000000
01000000010000000100000001000000
01000000010000000100000001000000
01000000010000000100000001000000
01000000010000000100000001000000
00B504F3010000000100000001000000
01000000010000000100000001000000
01000000010000000100000001000000
01000000010000000100000001000000
01000000010000000100000001000000
01000000010000000100000001000000
01000000010000000100000001000000
01000000010000000100000001000000
01000000010000000100000001000000
01000000010000000100000001000000
01000000010000000100000001000000
01000000010000000100000001000000
01000000010000000100000001000000
010000000100000000B504F301000000
01000000010000000100000001000000
01000000010000000100000001000000
01000000010000000100000001000000
01000000010000000100000001000000
01000000010000000100000001000000
01000000010000000100000001000000
01000000010000000100000001000000
01000000010000000100000001000000
01000000010000000100000001000000
01000000010000000100000001000000
01000000010000000100000001000000
01000000010000000100000001000000
01000000010000000100000001000000
00B504F3000000000000000000000000
00000000000000000000000000000000
00000000000000000000000000000000
00000000000000000000000000000000
00000000000000000000000000000000
00000000000000000000000000000000
00000000000000000000000000000000
00000000000000000000000000000000
00000000000000000000000000000000
00000000000000000000000000000000
00000000000012F70000001200001B00
000012F70000001200001B00000012F7
0000001200001B00000012F700000012
00001B00000000000000000000000000
00000000000000000000000000000000
00000000000000000000000000000000
00000000000000000000000000000000
00000000000000000000000000000000
00000000000000000000000000000000
00000000000000BF000000280000002F
000000C2000000C5000000360000003D
000000C80000001D000000390000001D
FF00F23101FF0D5C0000001D00000039
0000001DFF00F23101FF0D5C00B0765E
FE9F134300B0765EFF85BC84014795FE
00B0765EFE9F134300B0765EFF85BC84
014795FE00000073000000E500000073
FF01E37D01FE1AB900000073000000E5
00000073FF01E37D01FE1AB900D4B5BC
FE56948900D4B5BCFF4F34E901A20BD7
00D4B5BCFE56948900D4B5BCFF4F34E9
01A20BD7000000000000000000000000
000000000100000000C66666FF39999A
010000000093B646FF6C49BA01000000
0060C49CFF9F3B640100000001000000
010000000100000000004EA4000003C0
0000071C000000000000000000000000
00000000000000000000000000000000
00000000000000000000000000000000
00004EA4000003C00000071C00000000
00000000000000000000000000000000
00000000000000000000000000000000
000000000000000000000252000004A4
00000252FF044A5901FBAC5F00000252
000004A400000252FF044A5901FBAC5F
00000252000004A400000252FF044A59
01FBAC5F00000252000004A400000252
FF044A5901FBAC5F0100000001000000
00000000000000000000000000000000
00000000000000000000000000000000
00000000000000000000000000000000
00000000000000000000000000000000
00000000000000000000000000000000
00000000000000000000000000000000
00000000000000000000000000000000
00000000000000000000000000000000
00000000000000000000000000000000
00000000000000000000000000000000
00000000000000000000000000000000
00000000000000000000000000000000
00000000000000000000000000000000
00000000000000000000000000000000
00000000000000000000000000000000
00000000000000000000000000000000
00000000000000000000000000000000
00000000000000000000000000000000
00000000000000000000000000000000
00000000000000000000000000000000
01000000010000000100000001000000
01000000010000000100000000CB5918
00CB5918010000000100000000000000
00000000000000000000000000000000
